0       22.039  1.284
1       22.167  1.278
2       22.295  1.273
3       22.423  1.267
4       22.551  1.262
5       22.679  1.256
6       22.807  1.251
7       22.935  1.246
8       23.063  1.241
9       23.191  1.236
10      23.319  1.230
11      23.447  1.225
12      23.575  1.220
13      23.703  1.215
14      23.831  1.210
15      23.959  1.206
16      24.039  1.203
17      24.167  1.198
18      24.295  1.193
19      24.423  1.188
20      24.551  1.184
21      24.679  1.179
22      24.807  1.174
23      24.935  1.170
24      25.063  1.165
25      25.191  1.161
26      25.319  1.157
27      25.447  1.152
28      25.575  1.148
29      25.703  1.144
30      25.831  1.139
31      25.959  1.135
32      18.039  1.495
33      18.167  1.487
34      18.295  1.479
35      18.423  1.471
36      18.551  1.463
37      18.679  1.456
38      18.807  1.448
39      18.935  1.441
40      19.063  1.433
41      19.191  1.426
42      19.319  1.419
43      19.447  1.412
44      19.575  1.405
45      19.703  1.398
46      19.831  1.391
47      19.959  1.384
48      20.039  1.380
49      20.167  1.373
50      20.295  1.367
51      20.423  1.360
52      20.551  1.354
53      20.679  1.347
54      20.807  1.341
55      20.935  1.335
56      21.063  1.329
57      21.191  1.323
58      21.319  1.317
59      21.447  1.311
60      21.575  1.305
61      21.703  1.299
62      21.831  1.293
63      21.959  1.288
