0       16.683  1.587
1       16.811  1.578
2       16.939  1.568
3       17.067  1.559
4       17.195  1.551
5       17.323  1.542
6       17.451  1.533
7       17.579  1.525
8       17.707  1.516
9       17.835  1.508
10      17.963  1.500
11      18.091  1.492
12      15.147  1.708
13      15.275  1.697
14      15.403  1.687
15      15.531  1.676
16      15.659  1.665
17      15.787  1.655
18      15.915  1.645
19      16.043  1.635
20      16.171  1.625
21      16.299  1.615
22      16.427  1.606
23      16.555  1.596
24      13.611  1.853
25      13.739  1.840
26      13.867  1.827
27      13.995  1.815
28      14.123  1.802
29      14.251  1.790
30      14.379  1.777
31      14.507  1.765
32      14.635  1.754
33      14.763  1.742
34      14.891  1.731
35      15.019  1.719
36      12.075  2.031
37      12.203  2.014
38      12.331  1.998
39      12.459  1.983
40      12.587  1.967
41      12.715  1.952
42      12.843  1.937
43      12.971  1.923
44      13.099  1.908
45      13.227  1.894
46      13.355  1.881
47      13.483  1.867
